image: diff_ics_v1.pgm
resolution: 0.050000
origin: [-8.000000, -17.800000, 0.000000]
# origin: [-12.200000, -17.000000, 0.000000]
negate: 0
occupied_thresh: 0.65
free_thresh: 0.196

